# hss_vision/calib/internal.yaml
image_width: 1280
image_height: 720
camera_name: internal_camera

camera_matrix:
  rows: 3
  cols: 3
  data: [1310.168316, 0.0, 639.458562,
         0.0, 1312.047621, 352.725519,
         0.0, 0.0, 1.0]

distortion_model: plumb_bob
distortion_coefficients:
  rows: 1
  cols: 5
  data: [0.104006032514, -0.347004995419, 0.0, 0.0, 0.0]

rectification_matrix:
  rows: 3
  cols: 3
  data: [1.0, 0.0, 0.0,
         0.0, 1.0, 0.0,
         0.0, 0.0, 1.0]

projection_matrix:
  rows: 3
  cols: 4
  data: [1310.168316, 0.0, 639.458562, 0.0,
         0.0, 1312.047621, 352.725519, 0.0,
         0.0, 0.0, 1.0, 0.0]

